year        gross_rate
        197138.70376
        197240.38588
        197342.51815
        197443.79808
        197546.64976
        197650.02409
        1977 50.7424
        197852.80267
        197953.38319
        198055.58403
        1981 58.6956
        198260.57873
        198361.08143
        198462.32691
        198562.77382
        198664.60201
        198768.17135
        198871.97214
        198975.66673
        199080.03865
        199182.31931
        1992       0
        199389.48474
        1994 89.0848
        199589.60844
        1996 89.4795
        1997       0
        199881.75553
        1999 82.8331
        200077.40939
        200177.97988
        200290.05129
        200393.33526
        200495.25051
        200595.19016
        200698.27297
        200798.84382
        200899.85549
        2009102.7056
        2010108.2529
        2011109.4981
        2012108.9376
        2013103.1126
        2014102.5994
        2015102.7473
        2016102.2938
        2017102.0113
        2018 102.354
